$ANSIBLE_VAULT;1.1;AES256
66353061653139633534363838343630666232663737343761646233306163333162333532613436
3431346264633031396138363135396134333261323434640a333730303038396233613133373963
32353034313835646532306336353235313039336339326637343439383535386662323634303535
6131653632633330650a653637393932633735333938356565373537323764323035646132306136
31663436366633393239373764356432636266303263613839613430376362333665373963326532
61346161393862383136366333383631313031363766636533363565656138626438373233623533
64636265643936313932643330366231363266396537303237346366326165333632366339313832
61303265366638633936303736333132626635306264343236386430633439346464383862373838
38323361626462656636323461366634346363613265393634393934323962626234366263336462
30333334373030333562303765623537343938633863373866376564383034356234323935303630
32373039396535313761393438653932393639303134653932646564633732343539653738623039
30646664636565653232343630613265376339333436336130626431643038373861303636333133
36646635376237653236666339363938313633623461643133366632306535366330613562633837
39313333366638626661666461386365353333393965376464343966643335646533663439623130
62363039373436323031366166373666313661316164386265363366623664373266336566613663
64303866353030633162346466386533393061333161643266393539386165323566313936366332
34356433623932353463653366363134326336626136656532613730343665633463646338373432
31623366363362633634366239616434323238623833363866633162656365383465353030636562
39313339316461656630666564626664626634316638663334353061393331326530323733393831
39623236383537353638396566376630633739636665623438316136633933313634393835303236
38636332656138313332313162383832633138363264613566386262323331623465646438323064
66313366643638613732343562336333366138636434386231313161623164656561373437366534
30643765316264353632666663626437303764346165653366626237636432343763616132386132
62666536633663323339316666393666316438626562643433323266333230613839366437383636
37333831313934643435366435313531656634316336343030333134316131363035313634366130
38346537656631316633313231313134623862623235313935333037303730383931353861626530
65363837626430366634393261383565633533306261336161323037373434363030623937313535
63313161656536343530
