$ANSIBLE_VAULT;1.1;AES256
66373438376364356136323236323964633864343061656130633238316530633261316264373230
3863346663373935323865303162393336663239343462610a383631363736376639303533333261
65323833393131323665633965316663363835393135326562333330636466663763333937383866
3730633631326438380a356435643264363632663733306262383633626438643937666339643635
39613163653735626538373531363933356337623239623333386363363930336337336165633435
30643362653738333336663737653166353532626662343064663330306563666565313438343364
64383139343337346564376561653963323734383962623433333035653663336561383836656331
62383935316234326334376639623966376163343564393737376332373630353833393434303763
63396533336533373638366332663436336463653262613138663430643435623738323036343639
30646330363566336630643436653635353166363138653462633132396464633061376365306363
34363837663830336637633432343835346638383332616361663739303832646235316634386130
64376436336335663932626436306531396465663661323030633531646266303932623566316639
62333330643033376530663766373766346262336539393433396332666632393438666564663135
38663938383563326639333134666666653764313435623532336439353932336533316234346433
32613139323630306361313764393564356239626132663332306466616134353338353361363336
32336535633465323832343539326462623865376162353061663339643735346162313238363762
37663439666234626264363233663633376263366461393631646565356538326464646339636266
34343434316635333038313132383731336565643763366430303734643336326634326634333732
62313661653531373133646535353461633166623737376532343062353336313032373730623336
31396635643335623231656564633835353435393462353764356635353733646365346132383831
65396535613830383563333864636662393837633732636130636539316636363838343730636365
63643836613862323463376332356466366162346633656666343462633565333235653637383663
38316337376462623762646233386665376632663231646430313137303666386332626566323735
32303236633935336339303664613730336531356530393734383634643235363837393332353539
35383961316338303237383966316232366532623339303232636238636335323639363964336464
30373239313366336437386234313333623466383331303333626638386237336365306263663337
35636562316664313966393239623335343139303433363330353533623837346637643935626133
63353639656636653937356237613763653232663863646438396532393430343638313438643131
66613232633639613132306662356237343638616362326636333438626432383434313661346435
65353239663539326161313637353362303738336531393832376264333330656132626530666436
63393935343961373664643137313333323731646336323336393764333065306361313939646339
31643834353562336637393635623731633765666431363463323530363831643763326338643535
35306333343132393961653730623230643831333635333030633634323434323230313839626637
32393630323039393931353630353864663535316138356566313134376536613832393465353362
37396430363739323232376666636661313566333733396339373764313863626338663963623863
34356539393035613531393961633863306337343461663366653739333937396637363230643036
38353864343962643866613862366162333231623134663037333238623865663761623763356139
33396430343532613833323334613730613034636138333934663537343166386330396562613435
33663665396638366666363037336132356531386662653530626362336333626161373331303362
39633537356136356631303932653032363233653765623966616563613566623061303062663961
64383733386331333339336436303037383832376139646539393934353232386136313030663739
65343130303766313230343339366332393130633238663639346235353139643864306234353439
33363262333830323133663361633039376132636435666265373431653731363531306234623138
65396232623961313336666136393135346131663339313232323766666137643334666334353934
63313066393930633935633765396632616162356132646534383634366633356236613136666139
61323064383133313639623732393231633739383436363939643866653263643633393739396164
63323139653939346161333263323431353661353132643033363964343661613665396631626639
31323639666136356261363863633336646630343037356332356563656230623663346661623233
31326535346261623831643861306335353266656433396536313538376166636330303130643032
62326637666635323061643063656131333837646133396134623564613638326438623066666637
35353864633337386636366133353332366535386631323835323037616337356262393533643638
34656336323038386534386238326335313032646230383337343637656230373036643634393932
38333637366534303634643836653163643062363632313231623938633537386336323239646230
35633734366663383565393965323139636566383265633166363135376634346436643433383765
38346565366435303936313030323839396332363062633265613830336566336334366238613237
30396534626239626331616337626463646462313562633531353335636632396337616331376538
33633433386663306337336361623137306462613766646231306265386237633930653864393664
38663463303162393933316362366331313365373933616162353733663961626537643165396561
35653235303039343831613936346462343061376136666565653463313336353731666539373337
61336265613365353564663734303864336533626531363932666233376136623439663733343138
66346362636262353866333232303536373366666264356634303661343665313237313964313330
61396162643333363165613765383466356164343366383365343137393739653734656261323162
36356661393964656562313537363864313138333165663133656433623066353533376633623237
65663137623732666364306332333332373730633534383534343530626630323533326335636534
31626433653231356264643031333036623361336434623639313931313839383935636563303865
39346338633564326565336533666366663464663431343562323433633932653938633966396533
64623464633633663630353636363035643466316530323663643837616633306331633866376539
64343761386333386465353464643066356537653338336130323732616532386532643961616438
31633161623536373836363038656634393736613133633737323033646534333263356134346131
66646361323230666134666632653234636134386632303162643063616238383762376236346364
37653462373030303835333064663730316236303636306161616164383162383935353237626539
65323762393566396234393165326235623536326530356166633263396138663132343636303239
34626636643065613630376562373837623635656262616361623633656131646535343863393635
36313837396266666531383466643835616366343463636236336562353931333466373730666637
61663739646133636533636134643430383936306338323764343366383136653664643962626230
38396334336632346231386133643934323934306439323265396130303235643732366231616237
35623962396438363739383963316439323631363366663130373831616665363266366566656235
66323062336231313637336264373030386336306132386364613139663832656130326539663864
31393665383435356664393339316631623030383935623530333431613266393566313763643532
62376661343161666638353166343332633436316138316532306366373166616630386632643563
31656634353261373966323535353835336461646566376330356632393730343633323131363832
34323565306137656364363534386234313537393937376162626365373735346338343935323163
38633436633564373739336434353935633332356232326434386232363661376239336466343835
36633337613462333036306532363831313636306461636535623265613665323635396262623931
37636331626638303135376632666233303664386639653334393839653539303032383166623432
39373535343463623134383036376231333064353963623165376536313139633265666339373466
38646632303365613538643664643433343430343765306633316539613134623463633964306233
32363439333137353130363564653239666432366231326530626538613530336131313430623038
65633961616461366661666537353561383336343530323935316337373333646530393166636137
64653830663862363961633437646531356334616334353764386430663838316162613861393764
32333932316635626632393536646164633162393063613136386333346436613930316561666566
31353235633032313861356338323932393534383662356636646432626162653666363332366366
31656130316435343935613033353437666562333136663237623538666534663562643034666536
30383737613561623235386437363362306463616438626339376237663331396436323137626333
35323266653163666366376432623164393766616162356263633665653861636332343738343732
32626234316662643461316539373363303135636539643932366330653238306336313931346137
61633966333337646236323264363661323534343236633336386266303732303338306464633666
62313335353632386636386461356462376636646636623366303664653066306237343462633237
64353936323866366565633538383465363366396462326436373162666435663634663865396530
35306233363835643065373866633737636163653163393835653163333063633633333761653530
34383834383833646162326164633536333661323234643134336331633335636336616635623534
35336539663663323332653461613661363132666338386564613565373566323165383361326337
36666536653866343934643831616138633235353538336532343764343964333763393563626166
31356138396166376365306632376630396336356666313636613030626232303833636465313461
34356162363639626630336239386237373830343838323638653935623634616339316263303562
63316664363531393665336439613732363931353762333333306164646462363832353336636663
33333863663438393766306137333735343663306262373064613237623030383465663439323932
63373339303262336337363336366536323336353031656630326132633730636361346539643566
61333164376630326662363864613031313939313537326432353863333638653432303964303434
39303263653837356366643435323333666263313761353831643165313933383835326435636635
37623636386130623062333833326336346561323763373864626666346338306234306362323963
30383961646462366162376136623763653339656666623032633561336265353037356536386333
39363365363432346163356138396363656637313135393534353064386133313834653034306236
30396535306264353030623439373364653739336234633034663830356435346163393965633735
66306264396332373136663661323563663965306439363533623165396563323762376338323435
38626464616462363432653463393934316435323433383334613539346666353531626163643631
38643333346537333564636166656235326162623066383162653537373831326134363865376164
33613063353031623234656661393939323134363232643839306461306238376261356238653630
63383265653365336262363135376663623734653430623364336634393263613431343838663438
64383738653639383134346431343035393433623963376433653034323539623632366561373231
33303466373133303362363161626530373830343632386664656263626239623534396337323636
35333534323065313765393961363930646633613732663561396534323136643130646538383062
31646334633263336537383233656238396637366433666133633635626535636637363165633134
31373032623237323338373663643762313337306636666331356138653631623962386661316261
65623330346561656633373738373065636639393434346630653338393865663233666563636235
34353531336432653462333035646164356337306531303863646262346431356433356335393038
36626435613866636135353062336262383930306634616230383066303164393165633132383232
32626462376463393361626138613062353738356564626438646235323061313565343530643839
66613166613834633963393637306362333233333866363735313730306265316230396431333039
64346339383039643965613936373339323133336636666331373164616166613130336661316236
35353537636565633036626664333632633630376362333233363737326364386466376332343431
63303338313139623237353232663339633932623162343163616438643035346161386132356664
37353266363135356132643965353131346636323332356162313538363862323263636133363732
62653066323330343234306434393866653536313766363839613063376565656165393230386165
31336663303931393666393765393738653964383430376339336462383563393865616463616461
61383338383361656238
